27.1 1007.6
27.2 1005.1
27 1004.7
28 1005.8
28.4 1007.3
28.2 1007.6
27.7 1005.4
27.9 1005.2
27.4 1005.6
27.3 1005.8
26.2 1003.3
26.5 1004.3
28.1 1009.3
28.9 1008.9
29.4 1006.6
28.3 1005.9
28.3 1005.9
27.6 1005.4
28.1 1006.3
27.2 1003.8
27.6 1005.2
26.6 1003.2
25.4 1002.7
25.5 1004.1
25.8 1004.1
26.5 1005.3
27.3 1006.2
27.3 1006.4
27.5 1005.4
27.2 1005.7
27.4 1006
26.8 1004.9
27.4 1005.3
26.5 1004.3
26 1003.3
26.6 1008.7
27 1006.5
27.1 1005.6
27.5 1005.5
28 1005.7
28.2 1005.8
27 1005.3
27.7 1006.2
26.9 1005
26.7 1004.1
26.6 1004.1
26.1 1004.6
25.7 1003.9
26.9 1007.2
26.4 1004.6
27.4 1006.2
28.2 1006.1
27.9 1006.8
27.9 1006.2
28.3 1005.6
26.7 1004.8
26.9 1005
26.6 1004.5
26.3 1005.4
25.5 1004
26.6 1009.2
27.5 1006.9
27.9 1006.2
27.6 1005.6
28.7 1006.8
28.1 1006.7
27.4 1005.1
27.6 1005.4
27.9 1005.8
27.3 1004.5
26.4 1004.8
26.8 1005.9
27.1 1006.7
27.3 1005.2
27.8 1005.4
28.4 1005.6
28 1006.5
27.3 1006
27 1004.9
27.1 1004.8
27.5 1004.1
26.3 1003.7
26.2 1005.7
26.5 1005.8
26.6 1006.7
26.3 1004.5
27 1005.7
27.3 1005.2
27.5 1006
27.7 1006
27.1 1005.3
26.9 1005.5
27.1 1005.5
26.7 1005.4
26.3 1004.8
26.2 1005.3
27.6 1008.9
28.2 1008.3
28.5 1006.3
28.6 1006.5
28.3 1006.3
27.5 1005.9
28 1005.8
27.2 1005.1
27.5 1005.9
27.2 1004.6
26.3 1005.5
26.7 1005.6
27.1 1007
27.8 1007.1
27.7 1005.8
27.7 1005.1
28.6 1007.1
28.5 1006.7
28.2 1005.3
27.5 1004.1
27.5 1004.2
26.3 1003.5
25.6 1003
26.6 1006.6
27.5 1007.7
28.2 1007.4
28.4 1006.4
28.1 1005.7
28 1005.5
27.3 1004.7
27.8 1005.7
27.3 1005
27.4 1004.5
26.1 1003.7
25.5 1003.4
26.2 1005.5
26.7 1008.5
26.7 1005.4
27.6 1006.4
28.2 1006
28.5 1006.2
27.9 1005.2
28.6 1007.4
27.9 1005.9
27.5 1005.2
26.9 1004.7
26.5 1004.2
26.9 1006.1
27 1006.4
26.8 1003.5
27.9 1005.8
28.1 1005
28.1 1006
28.4 1007.6
28.1 1006.5
28.3 1003.8
27.9 1004.5
26.7 1004.5
26.9 1005.3
26.8 1005
26.5 1004.9
27.6 1005.9
27.9 1005.6
28.5 1006
28.9 1006.6
28 1005.2
27.4 1004.1
28.3 1005.8
27.8 1004.7
27 1003.7
26.3 1003.1
26.2 1005.2
26.5 1005.8
27.8 1007.7
27.8 1005.4
28.5 1007
28.3 1005.9
28.3 1006.7
27.4 1005
27.7 1004.8
27.5 1004.3
27.3 1004.4
26.6 1004.5
27.1 1007.7
27.4 1004.9
28.1 1007
28.1 1005.6
29.3 1006.7
29.3 1007.3
28.8 1006.5
28.8 1005.7
28.8 1003.2
28.2 1003.2
27.8 1005.4
27.3 1005.3
28 1007.4
28.9 1008.9
29.5 1007.6
29.2 1006.7
29.4 1005.9
28.6 1005.3
28.1 1005.1
27.5 1004.6
27.9 1004.5
28 1005
27.9 1004.6
26.6 1003.1
26.6 1003.9
27.2 1006.7
27.1 1004.3
28.3 1005.8
28 1005.7
28.2 1006
27.8 1006.8
27.5 1005.7
27.9 1006.5
27.2 1004.7
27.3 1004.7
26.8 1004.1
26.3 1004
26.6 1005.8
27.2 1005.8
27.5 1005.3
28.6 1006.8
27.6 1004.6
28.1 1006.5
27.5 1005.1
28 1006.2
27.8 1004
27.3 1003.7
27 1004.2
26.5 1004.4
27 1004.8
27.5 1005.4
27.7 1005.3
28.5 1006
28.2 1004.9
28.4 1008.1
28 1004.9
28 1006.2
27.6 1004.4
27.2 1003.7
26.7 1004.5
27 1006.9
27.3 1007.4
28.2 1007.6
28.6 1006.6
28.9 1006.2
28.7 1006.3
28.4 1006.8
28.5 1006.7
28.1 1005.5
28.7 1006.2
27.4 1004.6
27.2 1004.8
26.7 1004.7
27.1 1005.8
28.1 1006.9
27.9 1005.1
29.2 1005.8
28.9 1007
28.1 1005.6
28.2 1006.1
27.6 1005
27.6 1005.1
27.1 1004.2
26.5 1003.9
26.9 1006.7
27.6 1007.7
27.7 1004.8
28.9 1007
28.9 1006
29 1006.3
27.3 1004.2
28.3 1007.3
27.8 1005.9
27.8 1005
27.3 1005.8
26.8 1004.9
26.6 1006.5
28.5 1009.1
28.5 1007.2
28.7 1007
28.5 1005.5
28.8 1005.4
28 1005.4
28.2 1006.5
28.2 1006.2
27.6 1005.1
27.3 1004.4
27.3 1004.5
26.5 1004.8
27.5 1007.4
28.3 1007.1
27.6 1005.3
28.1 1005
27.8 1005.5
28.4 1006.9
28.3 1006.7
28 1005.3
28.3 1004.8
27.3 1005.6
26.6 1003.2
26.5 1004.1
g 1007.6
27.5 1005.8
28.1 1005.9
28.3 1005.5
28.4 1006
27.7 1003.8
27.7 1005.7
27.8 1005.8
27.8 1005.6
26.9 1003.5
26.4 1004.5
26.8 1006.1
26.7 1005.5
26.5 1004.3
28.1 1006
28.8 1006.6
28.2 1005.6
27.8 1004.9
27.4 1005.5
27.7 1005.1
27.6 1004.5
27.3 1004
26.9 1004.8
26.8 1006.6
27.3 1006.4
27.2 1005.5
28.5 1006.2
28.7 1006.6
29.1 1007
28.3 1006.2
28.3 1006.5
28.3 1005.6
28.2 1005.4
27.2 1004.7
27.1 1004.7
27.5 1007.1
28.9 1008.8
28.6 1006.1
28.6 1006.2
29.2 1006.5
28.3 1005.1
27.7 1004.6
27.9 1005.4
28 1005.7
28.3 1004.2
27.4 1005
26.8 1003.6
26.3 1004.5
27.3 1007.5
27.1 1004.6
27.9 1007.2
28.5 1005.9
28.4 1005
28.7 1007.8
27.9 1006.1
27.8 1005.1
27.3 1005.3
27.1 1004.6
26.6 1003.3
26.7 1006
27.2 1007
27 1004.2
27.6 1005.8
28.2 1005.6
28.7 1006
27.7 1006.2
27.9 1006.1
27.9 1005.6
27.7 1005.9
27.1 1004.4
26.7 1003.6
27.1 1006
26.5 1004
28.3 
28.2 1005.2
28.2 1005.4
29 1006.4
27.8 1005.7
27.9 1006.1
27.5 1004.6
27.7 1006.3
27.1 1004.5
26.5 1003.5
26.2 1005.3
27.2 1008.8
27.9 1008
28.2 1005.7
28.6 1005.8
29 1006
28.7 1005.5
27.7 1004.5
28.5 1007
28.4 1006
27.5 1005.4
27 1003.7
26.9 1007.4
27 1007.3
28.2 1007.3
28.6 1007.2
28.7 1005.8
29 1006.7
29.1 1007.1
28.4 1006.1
28.7 1004.3
28.7 1004.7
28 1004.8
27.7 1005.3
28.3 1007.2
27.8 1006.5
29 1008
29.4 1007
29.3 1006.2
28.5 1005.4
28.4 1006.3
28.9 1006.7
28.3 1005.5
28.3 1004.6
27.4 1003.5
27.4 1005.1
26.9 1004.8
26.9 1007.1
27.4 1006.1
27.8 1005.3
28.5 1005.9
28.5 1006.3
28.3 1007
28.1 1006.1
